1 30398 956 267
2 17388 3622 317
3 22254 996 88
4 15543 1931 168
5 16637 974 64
6 3480 8048 303
7 6803 9470 265
8 1490 4261 181
9 5401 2066 129
10 7761 1133 178
11 14987 893 370
12 2923 3894 658
13 3498 250 658
14 7349 2881 142
15 16687 1603 221
16 5491 236 230
17 9350 650 280
18 5823 667 167
19 9261 437 139
20 12185 529 148
21 11447 1033 229
22 12116 474 103
23 11547 456 163
24 6585 283 193
25 6611 477 442
26 6161 9650 876
27 3331 5014 823
28 3733 3513 381
29 2605 9158 634
30 1832 1804 276
31 9214 3106 700
32 7347 249 132
33 13170 862 608
34 9783 277 240
35 7143 392 236
36 4655 685 125
37 4792 146 166
38 1300 3351 571
39 10169 219 516
40 4870 131 298
41 8908 1278 168
42 17334 244 143
43 4176 1639 233
44 4418 197 180
45 7526 280 310
46 9618 178 119
47 4664 90 121
48 8476 466 253
49 8625 299 250
50 4166 5181 73
51 5408 145 388
52 1612 209 203
53 19258 925 322
54 6573 810 73
55 10283 602 241
56 12680 504 193
57 4506 326 555
58 780 59 197
59 2638 163 103
60 3481 390 218
61 4841 1262 74
62 8265 285 472
63 4406 369 427
64 6941 95 216
65 514 927 504
66 3840 4028 341
67 4728 523 70
68 1673 2778 684
69 3506 3071 304
70 10937 336 160
71 2208 451 572
72 7928 90 170
73 6328 473 129
74 6374 248 138
75 9132 397 433
76 9731 526 371
77 3892 130 137
78 9454 151 178
79 8771 336 377
80 3480 910 881
81 3464 659 775
82 5471 161 178
83 4480 181 142
84 9386 138 167
85 6329 106 126
86 3298 467 228
87 1370 922 194
88 3851 367 634
89 1385 2225 125
90 4665 146 187
91 6544 3771 563
92 5794 274 189
93 2589 621 389
94 7213 321 83
95 4547 295 171
96 6890 274 144
97 3681 196 335
98 9194 867 119
99 4034 150 177
100 5300 128 210
101 8943 223 108
102 7646 152 131
103 5507 166 183
104 6550 123 184
105 7997 206 196
106 4260 70 199
107 3043 274 159
108 5994 344 260
109 4367 112 278
110 5375 292 218
111 3874 936 198
112 5150 768 207
113 4493 104 346
114 6732 458 71
115 3203 141 416
116 6096 223 342
117 3522 232 205
118 5227 200 163
119 2368 259 262
120 4636 377 258
121 14988 504 336
122 7086 2342 335
123 5508 114 292
124 8899 517 387
125 3273 4968 301
126 3529 331 431
127 7630 1626 351
128 8710 383 156
129 3983 77 292
130 4581 1129 193
131 6302 195 211
132 3196 77 155
133 5400 2406 722
134 5553 587 529
135 2644 246 291
136 9374 331 204
137 3907 471 247
138 8157 961 1005
139 9896 440 244
140 4513 474 278
141 7620 762 503
142 6878 454 521
143 5514 204 212
144 3823 119 154
145 3932 136 85
146 12491 486 191
147 1929 785 423
148 6868 227 181
149 925 167 160
150 2754 608 409
151 2908 3806 552
152 10833 338 265
153 6278 374 430
154 2747 365 613
155 7593 598 126
160 8317 838 747
162 5614 3597 320
164 2011 278 247
165 1541 2219 905
166 1521 2870 342
167 4928 899 539
168 2649 396 113
169 9082 327 201
171 3167 266 140
172 1909 1647 198
173 5061 360 421
174 3886 80 1041
175 1804 184 310
176 1714 693 214
177 993 635 208
178 1258 200 231
179 4636 394 199
180 932 181 186
181 1303 151 179
182 1010 45 156
183 837 69 186
184 1049 163 213
185 1022 180 436
187 1883 401 358
188 3666 151 316
189 8811 1249 92
190 2857 776 130
191 2780 768 130
192 345 233 254
193 257 691 495
194 99 239 227
195 252 327 171
196 773 1245 285
197 826 346 212
198 11558 249 496
199 6124 328 154
200 12909 318 294
201 2183 177 137
202 5001 681 168
203 4654 158 142
204 4582 975 85
205 3341 628 339
206 11083 188 188
207 8792 354 305
208 6682 87 256
209 6108 182 261
210 6326 230 426
211 4681 196 158
212 5707 202 296
213 5090 89 553
214 2275 183 174
215 8621 481 180
216 2675 73 256
217 4129 935 137
218 3695 193 1187
219 2274 1818 162
220 2214 2179 179
221 6893 144 118
222 4615 307 386
223 729 1001 328
224 3444 286 258
225 1957 777 261
226 7874 105 70
227 4088 536 391
228 1994 1129 403
229 4533 271 160
230 5969 120 303
231 2998 282 160
232 3088 212 418
233 678 994 117
234 8298 511 74
235 5258 176 331
236 9103 263 319
237 4138 11351 257
238 11518 702 464
239 9205 321 277
240 6905 120 138
241 3428 169 198
242 4425 203 341
257 3843 175 110
258 2365 1636 173
260 3746 179 311
262 688 447 515
263 1320 1008 139
264 3843 205 131
268 5103 2811 247
273 1988 4862 71
274 1164 1773 447
275 687 1006 551
278 4450 1673 591
279 6452 288 284
282 2434 410 314
283 8573 230 192
284 983 679 320
287 12119 1345 286
289 3642 391 693
290 3413 390 184
292 1020 2175 208
295 6468 122 212
297 6257 245 771
299 1328 1276 475
300 11164 220 397
301 4499 226 208
303 1860 1622 104
304 2455 242 102
306 705 619 528
307 2639 143 105
309 5439 189 395
310 4980 206 768
312 5700 158 437
313 1423 266 245
315 5283 151 187
316 5043 335 306
318 1667 94 176
319 889 1619 358
321 1295 307 373
322 10479 255 368
324 2006 782 148
326 837 108 164
327 1473 154 243
328 5075 382 415
329 5016 86 265
330 1072 113 236
331 1634 81 693
332 3705 1542 535
334 3691 207 180
335 242 442 384
336 2582 232 180
337 6037 93 492
338 6638 313 164
341 3005 1040 359
342 1393 284 162
343 2620 320 162
344 4177 903 173
345 1490 1784 152
347 7700 335 226
349 2622 1866 166
350 4132 675 214
352 610 154 298
354 2910 72 403
355 1924 271 195
357 845 1208 94
363 1868 105 289
365 726 1088 389
367 2037 224 169
368 3061 142 214
371 2395 3615 99
372 452 1071 143
373 2905 178 278
374 712 112 346
375 1411 1752 182
376 2561 88 591
377 3245 375 384
378 5579 231 302
380 5180 275 142
381 1554 113 496
382 1695 430 175
383 1574 288 182
384 710 622 193
385 356 1113 238
386 1163 112 173
387 4702 188 117
388 962 2099 1351
389 2626 376 173
390 740 489 196
391 583 96 283
392 4539 281 349
393 363 1498 394
394 7767 328 540
395 3762 316 173
396 790 206 305
397 790 417 139
398 935 1014 203
399 4790 406 604
400 645 1476 115
401 917 1719 499
402 5863 243 146
403 2365 159 564
404 3147 242 67
405 851 165 382
406 4744 510 534
407 2603 59 158
409 2511 149 230
410 4528 128 211
412 271 49 67
413 3782 248 282
414 1581 2247 148
415 3060 532 284
416 7094 113 173
417 3361 774 846
419 1414 720 550
420 458 1229 223
421 3793 319 101
423 589 1915 119
424 4045 161 309
427 468 655 1012
429 1726 82 221
430 3509 246 1111
432 1056 127 150
433 832 100 677
434 424 993 135
435 3698 104 183
436 1131 241 332
437 7229 357 288
438 7148 250 279
440 537 73 98
441 2037 998 277
442 5865 243 276
443 1960 4093 525
445 3346 225 380
446 1320 84 431
447 597 862 270
448 6277 370 286
449 2581 128 605
450 5032 150 280
451 3868 177 241
452 3314 96 749
453 1391 1524 180
454 3707 111 125
455 1362 151 461
456 3138 171 236
457 324 280 594
458 626 1130 497
459 3171 307 133
460 3042 201 550
461 2991 197 184
462 1339 72 261
463 4183 233 550
464 1791 291 554
466 288 255 420
467 1045 133 207
468 654 2311 734
470 858 280 498
472 1803 208 234
473 1539 119 325
474 2737 318 250
475 1299 1017 468
476 1930 103 282
477 1586 79 226
478 358 666 180
479 122 1437 182
480 2053 124 549
481 178 912 465
482 736 1061 545
483 262 424 146
485 2440 394 85
486 2771 144 695
488 331 389 631
491 1396 147 300
492 388 319 331
493 2601 175 166
494 6444 247 298
495 370 35 626
496 2379 156 552
497 378 588 656
498 2053 512 96
500 868 889 181
501 2014 544 232
502 759 68 862
503 4244 128 384
504 451 190 67
506 417 25 446
507 533 830 265
508 1422 216 293
509 3142 257 208
513 2002 209 87
514 670 31 776
515 1928 81 106
516 4894 245 228
517 526 176 542
518 4857 99 416
519 288 87 439
520 1568 358 165
521 568 5515 371
522 363 1046 389
523 1647 228 284
524 1289 324 324
525 5169 222 110
526 2058 284 291
528 610 198 296
529 1325 841 366
530 1945 114 248
532 2510 2039 238
535 1138 2182 444
537 493 1112 212
538 3162 148 397
539 962 193 0
540 4822 110 254
541 901 2278 329
542 4305 214 130
543 7400 460 313
546 1470 93 345
547 4865 231 513
551 271 15 397
552 1135 190 500
553 260 1362 442
554 1758 98 677
556 2074 332 329
557 2567 152 138
558 126 405 1232
559 1921 68 303
560 12475 399 109
561 742 126 194
563 1573 1896 368
564 465 1100 239
565 1815 138 269
566 2063 235 570
567 5482 158 175
572 4977 257 339
575 920 1134 516
576 1448 182 474
581 4872 200 237
583 2653 43 179
587 545 339 338
589 1638 77 299
590 1525 80 300
591 130 552 175
592 300 431 336
593 666 738 309
594 1505 147 401
595 708 871 202
596 411 901 181
598 635 797 290
599 1137 317 355
600 1040 113 143
601 329 474 286
605 2800 637 358
606 1320 1693 297
609 801 909 848
611 2371 145 151
617 6273 240 500
620 467 361 230
621 6166 1176 580
622 1602 165 741
623 1225 170 180
626 641 351 270
627 800 412 338
628 2547 515 104
629 746 108 322
630 1865 53 391
632 2048 35 244
633 1289 456 99
636 1562 2336 1295
637 2856 230 0
638 964 624 904
639 1026 740 939
640 362 685 416
641 661 55 106
643 1516 156 259
645 1793 549 455
646 2134 100 332
647 6035 154 205
648 1447 150 573
649 414 300 962
650 2413 158 236
652 3063 292 239
653 3436 195 162
654 3489 294 190
655 164 187 237
657 1638 713 692
658 4010 409 206
659 2060 544 552
661 374 1565 525
662 4345 700 500
664 805 76 153
665 3541 662 245
667 646 952 228
668 1569 44 252
669 3541 217 474
670 2375 137 145
671 1170 1435 523
672 28 63 422
673 3270 162 137
674 1615 162 361
675 878 505 689
676 979 178 247
677 1181 122 76
678 3233 80 146
679 1153 215 414
680 4169 249 102
682 983 1357 401
684 3490 280 612
685 1506 264 867
686 1365 892 316
687 2983 604 259
688 1876 285 718
689 1577 96 305
690 1527 1220 338
691 700 67 602
692 4213 241 292
693 883 101 128
695 5570 143 361
696 2727 575 266
697 1904 1262 262
698 4549 287 147
699 441 68 829
700 2612 141 219
701 3124 135 364
703 2015 1176 177
704 3786 94 257
705 1220 153 91
706 2491 267 95
707 1377 1148 476
709 1022 2274 106
710 589 89 414
712 1838 61 105
713 3707 128 170
714 3730 99 413
715 886 68 280
717 658 1698 137
718 3625 87 110
719 1891 61 247
720 1289 1281 322
721 4052 728 806
722 548 1473 1027
724 2962 362 570
725 1742 193 469
726 894 225 849
728 1107 347 253
729 1842 56 468
730 1241 67 401
731 1106 123 482
732 694 143 312
733 3739 355 634
735 3313 262 476
736 383 298 154
738 888 86 219
739 6617 155 286
740 4468 251 247
741 2498 117 189
743 3824 275 458
744 1421 1315 200
745 1019 327 129
746 5559 971 279
747 640 749 259
748 303 840 719
749 222 363 879
752 2667 89 709
753 176 31 383
754 1067 651 276
756 444 422 881
757 434 58 258
761 520 167 472
762 445 453 267
763 7317 276 317
764 1088 188 636
765 1551 83 517
766 1878 117 187
767 4413 170 169
768 1101 31 262
769 1770 179 344
770 111 1163 390
771 3406 481 326
773 1431 36 447
775 1160 298 359
777 756 660 345
778 1809 130 582
779 1610 245 307
780 915 157 261
781 678 481 312
782 285 282 337
783 1540 309 239
784 3142 141 202
785 3945 257 530
786 727 36 386
787 4641 194 357
788 561 1705 344
789 84 13 888
790 1435 561 455
791 1906 278 384
792 2821 143 289
793 291 68 211
794 395 941 321
795 1561 89 286
796 1742 82 194
797 3864 114 306
798 345 21 443
799 2270 126 1124
801 1949 123 408
802 1901 307 525
803 775 169 737
804 1183 1010 400
805 790 113 338
806 367 1106 638
808 253 738 727
809 690 1603 571
810 124 233 616
811 1028 1097 665
812 324 1306 225
813 1524 76 432
814 2325 66 208
815 1896 49 394
816 248 584 757
817 684 1717 271
818 872 89 448
819 1231 2512 307
820 686 259 221
821 2118 120 306
822 109 622 735
823 818 101 389
824 664 1075 352
825 529 1017 466
826 806 96 267
827 2183 48 220
828 1173 157 278
829 980 1181 106
830 610 111 513
831 115 399 290
832 2008 199 270
833 778 756 738
834 2425 57 365
835 94 24 576
836 1367 377 547
837 930 618 515
838 1588 107 738
839 756 166 776
840 242 1442 263
841 2849 166 542
842 810 247 429
843 1178 1303 752
844 3700 172 262
845 1806 55 212
846 1291 108 450
847 2295 119 341
848 835 96 352
849 2526 162 408
850 766 51 462
851 588 536 700
852 2279 1597 238
853 1269 391 876
854 788 47 257
855 950 371 411
856 4253 135 144
857 1576 188 493
858 362 708 492
859 1355 867 263
860 1162 118 572
861 999 161 391
862 2747 70 217
863 5875 122 212
864 748 25 745
865 1867 322 500
866 309 702 376
867 1100 367 182
868 416 589 391
869 564 167 223
870 1203 77 259
871 2379 47 946
872 1612 55 385
873 1379 50 456
874 60 11 492
875 3850 172 576
876 4918 122 143
877 1912 1971 657
878 940 133 196
879 427 39 547
880 1125 184 228
881 1810 54 346
882 506 197 984
883 386 1131 501
884 874 133 330
885 481 520 562
886 2162 51 396
887 2275 127 576
888 1208 225 813
889 1796 83 284
890 1755 115 452
891 479 138 482
892 395 561 409
893 425 1381 439
894 2465 184 341
895 3487 53 144
896 1416 53 325
897 2231 593 196
898 927 174 352
899 551 354 244
900 511 142 391
901 2496 201 360
902 1033 89 341
903 441 35 286
904 859 60 392
905 2562 111 166
906 299 375 268
907 3263 211 176
908 405 1583 455
909 569 140 803
910 1020 343 311
911 652 495 368
912 1924 506 67
913 610 108 662
914 1201 291 196
915 1147 59 204
916 936 126 324
917 1395 51 98
918 2934 136 518
919 734 82 291
920 692 64 322
921 2343 134 215
922 1669 70 290
923 888 143 204
924 588 399 912
925 1542 236 333
926 1850 75 300
927 674 103 489
928 402 68 856
929 1706 242 782
930 1269 44 149
931 2121 90 371
932 792 1186 164
933 725 2418 234
934 2350 120 360
935 1384 344 767
936 524 124 475
937 1612 3778 208
938 3920 328 161
939 1388 219 235
940 1045 27 138
941 2066 145 139
942 1618 642 260
943 985 125 271
944 339 1995 487
945 982 42 198
946 3468 60 206
947 2313 502 403
948 650 292 412
949 534 896 371
950 1776 272 483
951 1560 69 376
952 1226 86 158
953 2664 897 362
954 1059 126 182
955 439 69 550
956 636 22 464
957 1211 1505 524
958 1846 27 289
959 1982 393 326
960 415 11 651
961 865 292 110
962 1099 32 234
963 294 389 311
964 252 64 534
965 1226 56 170
966 338 710 374
967 847 130 278
968 2551 33 242
969 1047 1220 483
970 227 60 315
971 692 237 666
972 66 182 529
973 5161 202 378
974 2647 132 162
975 1287 364 599
976 993 99 200
977 4898 148 137
978 1230 164 304
979 3493 116 389
980 2682 130 210
981 1961 203 198
982 229 180 119
983 4261 72 371
985 654 211 282
986 4022 82 535
987 2946 3222 608
988 1027 167 349
989 1141 140 196
990 1428 14 431
991 1075 146 238
992 2824 40 225
993 2632 136 423
994 6149 265 292
995 772 49 363
996 636 26 281
997 3227 245 381
998 344 636 516
999 434 558 626
1000 1488 77 332
1001 385 103 888
1002 2218 181 170
1003 577 433 253
1004 4092 56 132
1005 928 77 254
1006 179 224 706
1007 2362 235 412
1008 3451 59 615
1009 1279 69 267
1010 3023 117 277
1011 3925 93 459
1012 383 60 117
1013 1063 116 321
1014 1498 38 388
1015 963 791 258
1016 240 450 238
1017 338 219 171
1018 502 136 264
1019 2063 97 420
1020 1087 31 353
1021 1202 1152 582
1022 2430 146 372
1023 527 219 366
1024 1153 47 521
1025 1239 2974 321
1026 2275 64 263
1027 1989 95 345
1028 994 30 464
1029 2380 230 317
1030 464 217 454
1031 1618 70 345
1032 1486 169 397
1033 145 575 664
1034 383 579 647
1035 1592 27 451
1036 443 138 619
1037 218 345 216
1038 2368 128 385
1039 963 109 545
1040 282 494 478
1041 2879 607 315
1042 800 647 602
1043 2029 192 332
1044 1604 315 269
1046 2023 49 444
1047 2986 148 339
1048 3168 158 572
1049 2014 70 422
1051 404 46 519
1052 1087 91 841
1053 203 22 298
1054 815 36 213
1071 1244 249 233
1072 507 36 281
1073 210 87 504
1074 1512 37 338
1078 311 284 272
1079 1573 45 188
1080 394 538 303
1081 1587 141 133
1089 1585 504 278
1090 279 547 370
1091 2367 122 341
1092 2051 39 283
1093 48 51 404
1094 2971 64 564
1095 1108 55 544
1096 355 229 378
1103 686 164 762
1104 937 260 407
1105 1207 72 835
1106 580 33 112
1108 1050 1442 137
1109 979 140 370
1110 2725 78 276
1111 273 1219 757
1114 952 166 531
1115 462 37 161
1116 321 223 415
1117 329 89 1058
1122 1593 96 300
1123 1142 733 215
1124 921 94 394
1125 678 13 538
1128 459 226 337
1129 1128 59 458
1130 2971 210 297
1131 447 325 188
1137 1633 99 145
1138 626 135 439
1139 478 80 170
1140 1261 249 583
1143 5985 66 402
1144 270 141 224
1145 919 171 1034
1146 1549 239 64
1147 403 24 150
1154 234 298 118
1155 1902 84 289
1156 681 63 144
1157 438 45 228
1160 932 121 215
1161 1330 54 198
1162 1586 54 394
1163 432 405 74
1169 273 1404 314
1170 487 883 514
1171 1352 68 311
1172 313 47 175
1175 238 344 316
1177 520 223 676
1178 1058 71 0
1179 419 311 225
1184 506 58 346
1185 226 1849 284
1186 1185 42 400
1187 578 16 330
1189 985 66 227
1190 1240 34 216
1191 858 81 375
1192 3421 138 450
1195 341 265 358
1200 1432 58 215
1201 726 387 132
1202 1454 50 330
1203 563 84 409
1206 384 48 978
1207 1328 33 130
1208 614 42 512
1209 2502 49 411
1210 194 58 410
1217 1414 193 269
1218 937 42 368
1219 1780 47 207
1220 921 91 172
1221 1636 738 211
1222 653 123 331
1223 666 172 484
1224 351 38 413
1226 172 197 1536
1227 349 641 229
1232 831 121 171
1233 573 75 347
1234 726 150 376
1235 3038 32 390
1237 336 1128 368
1238 233 155 102
1239 1685 151 322
1240 443 406 108
1247 835 206 363
1248 1598 39 157
1249 4552 75 286
1250 238 267 318
1252 717 1068 492
1253 314 24 295
1254 1656 38 241
1255 611 38 420
1260 457 142 164
1261 568 76 168
1262 1149 33 134
1263 602 45 425
1266 1150 156 207
1267 830 72 324
1268 2130 128 451
1269 516 29 428
1275 800 205 501
1276 214 185 340
1277 3151 52 89
1278 694 12 170
1281 1043 184 0
1282 965 455 617
1283 1286 150 456
1284 554 62 439
1286 1125 90 37
1287 624 36 156
1288 1833 44 286
1289 723 62 264
1290 2383 119 240
1291 1578 98 213
1292 747 56 176
1293 1988 36 390
1295 1175 97 90
1296 1043 79 198
1297 579 288 101
1298 173 112 434
1299 1178 163 185
1300 715 89 373
1301 308 16 657
1302 2331 74 0
1304 1006 449 93
1305 2156 63 131
1306 2548 60 281
1307 288 76 226
1309 873 71 222
1310 870 30 323
1311 202 286 701
1312 1603 25 217
1313 712 1048 385
1314 1596 254 131
1315 1646 54 229
1316 175 166 184
1317 250 211 295
1318 409 36 257
1319 1927 31 628
1320 740 29 511
1323 942 116 170
1324 416 87 304
1325 1343 25 291
1326 1407 100 509
1328 717 429 717
1329 1557 176 442
1330 322 32 305
1331 862 54 146
1332 181 288 490
1333 202 172 764
1334 1071 56 551
1335 1188 138 573
1337 1504 89 385
1338 1192 82 229
1339 1192 53 365
1340 619 22 436
1342 1539 104 184
1343 549 57 154
1344 890 184 187
1345 1752 69 274
1346 784 106 191
1347 1160 56 308
1348 99 189 652
1349 546 10 517
1351 1976 68 143
1352 858 49 321
1353 1691 233 296
1354 632 73 227
1356 947 43 277
1357 114 156 903
1358 1334 24 160
1359 1487 134 232
1360 180 775 150
1361 719 242 378
1362 179 80 152
1363 375 53 349
1365 2937 60 236
1366 756 80 711
1367 1309 47 318
1368 999 7 685
1370 491 588 272
1371 1065 40 181
1372 1027 20 242
1373 1021 118 153
1374 295 969 248
1375 686 109 536
1376 1565 89 853
1377 390 92 762
1379 702 910 431
1380 886 64 211
1381 1065 67 87
1382 1701 56 266
1383 1124 39 572
1385 304 1174 244
1386 440 236 751
1387 803 89 691
1388 514 10 273
1389 955 1124 192
1390 196 144 170
1391 530 238 460
1392 607 24 208
1394 602 19 201
1395 1814 159 268
1396 1183 65 435
1397 273 101 341
1399 256 645 152
1400 670 67 139
1401 218 55 458
1402 890 134 480
1403 337 371 582
1404 450 42 310
1405 1046 172 331
1406 943 21 801
1408 493 70 233
1409 321 516 223
1410 130 253 357
1411 738 34 444
1413 987 223 296
1414 652 51 182
1415 640 15 389
1416 341 13 456
1417 383 73 413
1418 192 331 787
1419 618 38 512
1420 394 10 355
1422 476 24 287
1423 2674 106 419
1424 792 74 106
1425 752 30 406
1431 1466 265 490
1432 136 183 227
1433 485 108 303
1434 580 7 294
1436 914 59 342
1437 384 192 135
1438 1996 84 211
1439 813 10 237
1441 440 736 287
1442 862 43 245
1443 899 86 605
1444 422 16 737
1446 1186 24 151
1447 229 31 183
1448 2169 72 189
1449 480 8 253
1450 553 127 372
1451 458 63 341
1452 243 190 300
1453 108 237 432
1455 479 23 444
1456 673 37 171
1457 942 34 281
1458 557 11 402
1460 682 107 251
1461 678 66 132
1462 746 46 641
1463 1864 18 316
1464 860 149 0
1465 1009 231 333
1466 1353 35 678
1467 191 140 783
1470 2188 169 140
1471 393 92 552
1472 1158 99 223
1473 542 28 511
1475 991 64 469
1476 355 950 251
1477 1150 57 390
1478 676 12 290
1480 2415 176 128
1481 834 63 124
1482 1504 38 440
1483 938 81 334
1486 775 281 179
1487 318 496 550
1488 934 186 578
1489 426 41 724
1491 555 83 238
1492 683 199 254
1493 826 20 197
1494 572 45 662
1496 465 8 371
1497 895 54 231
1498 1059 99 261
1499 768 28 440
1502 609 39 258
1503 321 178 652
1504 1462 114 86
1505 303 19 231
1507 238 320 110
1508 533 101 403
1509 1025 145 226
1510 1238 53 424
1512 2295 139 126
1513 496 22 142
1514 1096 25 512
1515 161 192 630
1518 659 53 345
1519 369 351 684
1520 456 55 450
1521 255 10 359
1523 493 46 111
1524 726 30 140
1525 1263 30 296
1526 817 50 373
1528 1276 243 218
1529 619 30 407
1530 1032 21 272
1531 443 48 707
1534 401 849 265
1535 441 25 477
1536 416 59 372
1537 556 32 299
1539 2191 163 158
1540 272 225 459
1541 609 128 360
1542 497 11 215
1544 675 50 457
1545 452 38 379
1546 706 15 172
1547 1089 22 652
1550 342 46 0
1551 771 131 549
1552 1044 76 509
1553 621 41 220
1556 320 11 94
1557 1314 59 358
1558 401 22 404
1559 584 21 676
1560 197 418 549
1561 587 87 242
1562 433 90 598
1563 344 58 722
1566 454 81 420
1567 1228 19 279
1568 360 118 411
1569 387 42 513
1572 1003 20 220
1573 434 55 265
1574 936 29 234
1575 342 16 819
1576 374 143 577
1577 227 44 129
1578 929 38 535
1579 594 4 580
1582 415 17 218
1583 149 549 686
1584 1138 44 423
1585 318 5 254
1588 1824 147 198
1589 479 25 373
1590 849 38 357
1591 314 9 277
1592 254 223 562
1593 538 23 437
1594 507 23 596
1595 313 11 691
1598 457 35 430
1599 67 206 1166
1600 173 227 696
1601 212 26 835
1603 602 270 195
1604 169 258 819
1605 853 26 591
1606 292 13 782
1608 638 105 367
1609 604 38 169
1610 354 479 1098
1611 273 267 162
1614 779 166 346
1615 608 116 583
1616 471 197 689
1617 287 28 923
1619 256 74 205
1620 58 197 995
1621 308 34 490
1622 235 87 119
1624 368 21 228
1625 224 221 680
1626 763 27 609
1627 307 23 742
1629 506 83 983
1630 567 64 735
1631 2004 96 607
1632 584 37 315
1636 1233 49 204
1637 163 483 400
1638 620 236 571
1639 234 12 378
1640 659 111 373
1641 1707 37 256
1642 1591 48 381
1643 329 3 721
1646 353 509 157
1647 1182 27 376
1648 692 260 948
1649 446 60 604
1652 402 43 447
1653 640 16 297
1654 713 153 545
1655 200 14 379
1656 190 1634 427
1657 649 36 270
1658 1511 28 344
1659 213 47 646
1662 735 108 215
1663 562 21 774
1664 774 20 398
1665 342 28 403
1668 359 121 376
1669 817 119 274
1670 409 70 256
1671 690 10 181
1672 1694 252 351
1673 1225 59 570
1674 421 53 472
1675 1563 80 321
1678 641 60 391
1679 673 24 230
1680 334 203 152
1681 174 81 510
1684 793 39 239
1685 650 22 374
1686 452 37 690
1687 231 14 576
1688 561 105 167
1689 764 545 326
1690 636 125 728
1691 456 15 403
1694 199 155 559
1695 796 13 402
1696 1255 52 477
1697 429 7 597
1700 737 39 771
1701 316 37 549
1702 304 37 336
1703 407 16 242
1704 492 35 372
1705 479 142 568
1706 711 54 695
1707 465 15 510
1710 1458 100 435
1711 503 185 498
1712 733 69 189
1713 397 6 716
1716 418 14 400
1717 386 18 191
1718 364 33 664
1719 113 88 492
1720 692 132 447
1721 1624 73 208
1722 541 16 704
1723 472 14 481
1725 322 40 511
1726 394 17 180
1727 625 16 260
1728 146 26 436
1732 731 74 345
1733 133 295 391
1734 468 18 388
1735 150 24 449
1736 192 115 264
1737 229 252 280
1738 293 42 312
1739 193 34 324
1742 352 82 565
1743 599 10 597
1744 81 260 658
1745 475 14 214
1748 693 17 174
1749 678 10 266
1750 264 17 257
1751 445 8 612
1752 516 48 371
1753 464 33 413
1754 330 50 589
1755 424 56 467
1758 386 12 354
1759 366 35 266
1760 876 30 367
1761 181 200 519
1763 534 403 438
1764 195 21 607
1765 468 30 397
1766 223 17 837
1768 508 8 249
1769 1298 48 538
1770 692 162 292
1771 337 7 475
1773 787 101 328
1774 392 41 406
1775 474 14 453
1776 554 15 748
1779 332 56 628
1780 493 17 209
1781 295 81 180
1782 193 122 651
1784 157 496 145
1785 145 142 355
1786 558 97 875
1787 255 12 368
1790 405 15 343
1791 493 65 380
1792 465 57 1007
1793 561 24 268
1796 236 69 206
1797 141 26 536
1798 448 33 407
1799 355 33 288
1800 357 13 332
1801 164 176 716
1802 476 67 247
1803 267 10 203
1805 306 55 515
1806 195 108 352
1807 281 26 574
1808 137 133 443
1812 391 13 345
1813 208 38 719
1814 394 19 369
1815 214 13 789
1816 447 15 368
1817 389 149 754
1818 471 47 499
1819 248 33 374
1822 466 66 166
1823 1044 30 418
1824 540 27 948
1825 193 80 233
1827 525 29 356
1828 496 52 572
1829 373 29 207
1830 116 91 260
1832 661 18 213
1833 316 133 452
1834 820 102 438
1835 297 32 437
1837 274 23 236
1838 1088 24 312
1839 373 13 419
1840 243 9 641
1844 362 47 417
1845 275 21 124
1846 193 45 320
1847 305 12 624
1848 164 38 262
1849 302 80 429
1850 401 56 482
1851 325 6 522
1854 508 76 425
1855 490 9 430
1856 725 42 495
1857 420 16 740
1859 861 25 395
1860 130 56 717
1861 537 31 634
1862 276 23 257
1863 698 72 366
1864 284 22 349
1865 290 73 163
1866 426 10 351
1869 273 6 316
1870 423 73 705
1871 786 46 302
1872 254 11 622
1876 524 17 305
1877 584 151 284
1878 124 329 645
1879 389 7 324
1880 307 19 568
1881 227 40 436
1882 541 158 1222
1883 205 39 927
1884 653 57 581
1886 523 49 166
1887 320 12 191
1888 608 18 286
1889 234 27 986
1893 244 54 386
1894 208 34 739
1895 178 197 379
1896 153 33 524
1897 245 31 316
1898 508 61 799
1899 278 23 464
1900 157 13 1289
1901 629 48 458
1903 339 26 262
1904 146 201 606
1905 783 25 472
1906 346 28 627
1909 443 193 302
1910 533 30 234
1911 610 10 553
1912 138 27 762
1913 380 19 309
1914 167 224 536
1915 580 43 399
1916 240 30 792
1920 1081 150 338
1921 295 47 949
1922 305 213 356
1923 261 23 775
1925 170 19 168
1926 411 18 698
1927 298 42 558
1928 413 6 1037
1929 852 172 242
1930 401 11 458
1931 286 13 321
1932 218 22 504
1935 263 11 351
1936 215 17 578
1937 1315 71 620
1938 214 11 776
1941 306 10 193
1942 367 18 715
1943 268 16 1227
1944 691 14 594
1945 256 29 534
1946 132 160 585
1947 434 10 974
1948 163 46 893
1952 210 15 178
1953 370 93 606
1954 200 64 458
1955 330 6 552
1957 206 10 264
1958 80 166 983
1959 370 31 772
1960 117 25 650
1961 203 29 311
1962 271 13 441
1963 700 28 304
1964 344 5 407
1967 264 11 196
1968 251 16 435
1969 106 273 565
1970 409 7 885
1971 806 44 598
1974 304 14 394
1975 276 9 315
1976 748 22 744
1977 214 27 405
1979 329 14 222
1980 461 23 207
1981 457 83 330
1982 237 18 671
1984 266 40 308
1985 398 67 386
1986 473 28 575
1987 357 7 480
1991 364 18 600
1992 331 16 1007
1993 200 35 408
1994 201 4 414
1995 243 124 103
1996 572 20 599
1997 309 51 488
1998 243 4 224
2000 283 6 249
2001 207 20 484
2002 413 28 517
2003 257 16 610
2006 541 13 158
2007 533 42 360
2008 513 11 814
2009 382 4 345
2011 433 85 242
2012 277 26 192
2013 270 92 247
2014 177 52 650
2016 346 15 246
2017 415 10 935
2018 149 158 448
2019 132 59 578
2022 264 19 563
2023 255 25 187
2024 410 8 578
2025 260 21 407
2027 186 46 345
2028 203 9 793
2029 132 191 591
2030 235 6 650
2032 262 25 0
2033 291 24 309
2034 393 27 467
2035 495 30 292
2037 255 47 503
2038 197 16 402
2039 245 17 1385
2040 284 15 0
2042 226 10 500
2043 99 113 431
2044 231 13 461
2045 301 4 934
2047 113 458 449
2048 91 213 218
2049 364 24 607
2050 301 7 731
2053 259 6 318
2054 366 7 612
2055 353 8 673
2056 30 154 976
2057 131 64 193
2058 230 12 740
2059 332 17 717
2060 136 69 503
2062 336 101 276
2063 328 12 325
2064 379 15 365
2065 242 24 855
2068 183 6 373
2069 103 232 515
2070 278 7 462
2071 220 12 820
2073 308 19 661
2074 161 182 477
2075 138 30 1361
2076 301 3 983
2078 359 10 371
2079 321 23 680
2080 313 19 398
2081 77 114 225
2085 274 6 123
2086 286 13 592
2087 258 48 720
2088 161 6 696
2089 504 24 325
2090 238 10 633
2091 280 15 509
2092 396 19 949
2094 198 166 318
2095 619 20 279
2096 676 49 579
2097 231 10 315
2099 373 30 340
2100 292 14 622
2101 344 40 722
2102 111 24 656
2103 326 9 572
2104 543 22 327
2105 109 115 625
2106 244 14 716
2108 303 10 203
2109 233 22 280
2110 302 10 402
2111 457 8 384
2114 427 15 268
2115 524 38 675
2116 421 17 375
2117 52 90 330
2119 211 14 206
2120 229 22 769
2121 452 19 404
2122 214 26 716
2124 265 3 153
2125 290 23 534
2126 195 99 524
2127 448 6 590
2129 237 24 240
2130 413 15 313
2131 360 7 447
2132 204 17 371
2133 284 16 203
2134 516 6 350
2135 311 60 694
2136 228 11 372
2138 225 9 449
2139 392 7 385
2140 505 7 531
2141 425 10 726
2144 202 8 408
2145 345 38 532
2146 231 102 857
2147 168 14 917
2148 218 7 139
2149 310 16 322
2150 195 28 226
2151 291 63 456
2154 231 10 211
2155 296 8 390
2156 287 333 523
2157 233 35 714
2160 255 28 290
2161 193 16 167
2162 125 390 844
2163 308 5 403
2164 231 11 169
2165 271 8 259
2166 346 31 83
2167 450 7 543
2169 186 4 234
2170 324 250 279
2171 431 25 463
2172 213 10 428
2176 145 4 0
2177 204 46 184
2178 301 37 306
2179 241 10 531
2180 194 12 186
2181 304 6 389
2182 346 19 616
2183 373 21 111
2185 166 2 190
2186 203 4 277
2187 470 24 534
2188 285 8 505
2190 109 55 411
2191 196 21 483
2192 312 4 488
2193 165 48 300
2194 110 24 534
2195 284 216 218
2196 285 7 331
2197 202 5 423
2200 139 20 265
2201 113 136 721
2202 227 177 439
2203 322 11 755
2206 74 1 184
2207 146 11 546
2208 142 3 297
2209 170 9 395
2210 95 35 523
2211 170 121 699
2212 161 12 844
2213 38 44 489
