156 110 189 300
157 488 2931 716
158 792 1627 768
159 1657 25 107
161 1091 161 175
163 744 2466 457
170 520 363 159
186 830 126 245
243 976 83 176
244 808 246 207
245 332 82 279
246 442 726 201
247 753 193 226
248 269 170 267
249 1255 230 268
250 918 291 144
251 556 308 220
252 1346 65 126
253 5278 104 143
254 872 45 220
255 904 68 193
256 1713 118 397
259 1207 123 187
261 2259 57 292
265 950 32 423
266 847 63 85
267 701 83 183
269 3431 700 787
270 1381 86 117
271 796 222 511
272 1012 33 390
276 1221 351 190
277 2201 201 1016
280 899 74 214
281 550 30 434
285 2058 77 262
286 2243 35 205
288 158 1630 266
291 708 52 394
293 157 375 456
294 517 49 365
296 856 68 334
298 867 210 303
302 402 80 466
305 1384 42 815
308 642 75 103
311 784 281 157
314 2256 249 220
317 1487 160 570
320 590 203 291
323 1872 58 219
325 1596 47 140
333 1150 96 388
339 1234 282 376
340 2205 69 127
346 1216 116 147
348 1587 92 187
351 85 79 707
353 693 251 916
356 226 475 382
358 717 31 191
359 1178 160 399
360 537 155 244
361 756 93 336
362 1452 125 483
364 947 287 497
366 2228 38 82
369 758 39 179
370 1208 56 363
379 276 386 226
408 412 1501 464
411 163 135 849
418 859 427 312
422 276 173 213
425 911 58 322
426 2087 170 618
428 807 48 1254
431 382 21 940
439 331 41 520
444 444 1377 699
465 1103 104 253
469 83 214 398
471 548 33 371
484 482 79 220
487 1028 21 329
489 2110 123 1157
490 1368 148 579
499 340 60 1169
505 1010 45 752
510 645 34 457
511 125 8 170
512 162 28 184
527 290 196 153
531 297 35 255
533 71 675 221
534 256 10 306
536 879 140 407
544 355 114 728
545 1012 1640 621
548 380 124 126
549 887 70 354
550 204 60 415
555 62 233 500
562 677 97 172
568 497 91 511
569 224 120 242
570 210 29 180
571 215 62 306
573 305 32 389
574 125 378 278
577 154 88 216
578 84 795 384
579 171 372 363
580 180 30 403
582 868 17 639
584 138 81 207
585 189 192 217
586 198 16 410
588 993 119 95
597 231 567 298
602 242 70 375
603 447 39 291
604 352 122 285
607 236 46 268
608 322 31 231
610 207 46 196
612 163 61 296
613 242 34 253
614 116 692 257
615 171 58 271
616 889 147 467
618 118 130 585
619 115 104 241
624 594 61 296
625 118 98 198
631 172 210 180
634 164 132 361
635 413 170 275
642 1712 118 562
644 528 59 275
651 495 70 176
656 218 97 984
660 133 167 232
663 421 32 169
666 277 368 394
681 654 955 295
683 720 650 525
694 1685 95 391
702 679 33 413
708 876 582 669
711 208 214 453
716 1431 414 147
723 744 331 539
727 1201 72 312
734 277 440 718
737 692 41 703
742 739 146 323
750 566 85 291
751 25 72 829
755 255 591 828
758 231 114 397
759 1338 85 622
760 479 194 410
772 827 242 494
774 573 82 471
776 878 88 625
800 79 484 459
1045 169 35 238
1050 120 22 258
1055 802 48 434
1056 158 90 320
1057 850 154 1042
1058 127 122 473
1059 471 107 331
1060 1245 50 204
1061 180 9 528
1062 484 31 116
1063 166 8 203
1064 329 59 174
1065 218 75 281
1066 680 56 482
1067 60 14 166
1068 81 90 220
1069 54 139 195
1070 70 261 233
1075 78 62 238
1076 140 44 196
1077 170 4 281
1082 143 50 220
1083 177 36 259
1084 155 54 256
1085 82 138 117
1086 644 103 493
1087 438 40 330
1088 353 98 329
1097 119 26 539
1098 140 393 313
1099 747 86 194
1100 431 10 112
1101 471 12 528
1102 896 97 209
1107 106 101 278
1112 179 7 300
1113 71 282 225
1118 28 132 77
1119 254 102 99
1120 686 27 306
1121 89 25 209
1126 174 19 423
1127 134 98 276
1132 110 396 221
1133 225 16 116
1134 149 17 170
1135 870 47 454
1136 650 19 607
1141 90 89 290
1142 69 281 316
1148 79 12 210
1149 78 25 212
1150 292 30 254
1151 747 10 144
1152 298 2582 631
1153 790 299 313
1158 101 30 236
1159 82 38 389
1164 231 66 230
1165 341 17 466
1166 270 24 376
1167 980 148 403
1168 781 30 648
1173 148 9 314
1174 84 43 497
1176 118 253 490
1180 264 43 85
1181 62 140 686
1182 344 15 266
1183 100 9 249
1188 398 31 476
1193 101 20 273
1194 90 43 310
1196 147 13 216
1197 1072 327 384
1198 342 24 170
1199 141 18 572
1204 189 16 426
1205 98 369 368
1211 86 144 446
1212 226 19 341
1213 422 22 161
1214 377 36 198
1215 156 16 227
1216 442 6 179
1225 217 17 551
1228 238 30 256
1229 613 25 619
1230 226 19 201
1231 693 46 500
1236 179 196 901
1241 120 375 471
1242 380 69 1262
1243 111 49 269
1244 457 73 86
1245 588 13 337
1246 266 10 385
1251 212 20 241
1256 62 208 192
1257 293 26 497
1258 212 84 236
1259 101 8 329
1264 136 10 289
1265 415 73 492
1270 280 21 328
1271 57 101 496
1272 261 20 723
1273 185 58 155
1274 358 42 751
1279 49 237 1187
1280 233 31 243
1285 331 24 198
1294 77 17 219
1303 205 12 166
1308 132 31 205
1321 233 35 444
1322 177 44 395
1327 78 19 232
1336 58 239 630
1341 89 59 117
1350 126 7 238
1355 93 34 329
1364 52 268 205
1369 102 8 294
1378 58 30 237
1384 135 67 295
1393 124 19 280
1398 155 7 322
1407 95 9 308
1412 142 11 371
1421 26 235 183
1426 83 17 151
1427 138 2 167
1428 907 111 698
1429 423 20 121
1430 141 9 340
1435 107 185 332
1440 108 6 199
1445 126 17 208
1454 270 26 409
1459 49 87 460
1468 77 16 299
1469 352 7 292
1474 275 8 276
1479 92 33 334
1484 203 14 282
1485 274 43 493
1490 300 13 305
1495 50 8 217
1500 37 88 566
1501 151 19 428
1506 321 112 500
1511 217 42 273
1516 23 35 880
1517 92 60 212
1522 404 6 369
1527 38 94 262
1532 83 5 493
1533 82 11 444
1538 63 33 456
1543 54 32 369
1548 281 135 918
1549 58 4 354
1554 200 5 300
1555 84 21 424
1564 222 20 430
1565 52 26 244
1570 743 97 291
1571 81 7 225
1580 133 2 429
1581 68 25 276
1586 144 20 438
1587 65 2 317
1596 148 12 330
1597 139 26 1119
1602 256 9 182
1607 51 8 248
1612 97 17 768
1613 125 19 376
1618 80 14 933
1623 48 83 451
1628 311 49 1460
1633 47 12 312
1634 77 5 780
1635 55 21 306
1644 397 19 527
1645 35 10 512
1650 801 24 389
1651 16 39 681
1660 159 22 640
1661 85 19 646
1666 44 107 401
1667 38 33 216
1676 271 9 556
1677 18 83 277
1682 93 18 336
1683 55 65 270
1692 39 5 912
1693 60 9 234
1698 99 24 241
1699 106 5 259
1708 63 81 279
1709 90 4 325
1714 17 16 374
1715 47 7 247
1724 44 6 288
1729 39 7 187
1730 344 15 450
1731 53 14 411
1740 221 10 219
1741 71 3 357
1746 185 4 243
1747 68 5 293
1756 144 12 130
1757 99 50 188
1762 700 97 465
1767 81 7 194
1772 44 35 746
1777 75 6 171
1778 110 43 1076
1783 94 2 267
1788 44 4 633
1789 55 23 497
1794 28 33 243
1795 73 6 330
1804 147 7 256
1809 48 25 191
1810 51 16 1238
1811 105 15 287
1820 58 15 380
1821 21 15 186
1826 43 35 835
1831 35 1 381
1836 188 5 186
1841 50 33 593
1842 41 5 288
1843 41 23 483
1852 73 3 240
1853 27 27 208
1858 95 3 280
1867 29 103 613
1868 206 29 900
1873 47 1 368
1874 85 9 269
1875 36 3 416
1885 72 4 202
1890 31 0 231
1891 325 17 516
1892 48 12 485
1902 58 6 412
1907 29 13 318
1908 24 12 629
1917 31 18 560
1918 100 4 235
1919 28 4 372
1924 8 32 663
1933 31 6 413
1934 28 9 454
1939 24 21 377
1940 89 3 357
1949 71 25 345
1950 80 13 301
1951 27 2 464
1956 16 4 645
1965 30 0 278
1966 39 5 797
1972 46 8 282
1973 88 2 290
1978 22 4 410
1983 41 0 449
1988 23 54 543
1989 38 5 597
1990 6 77 366
1999 18 3 232
2004 52 4 333
2005 9 25 568
2010 9 4 330
2015 30 11 1026
2020 6 64 209
2021 77 2 551
2026 12 5 351
2031 71 4 265
2036 38 2 374
2041 17 17 295
2046 61 0 0
2051 19 4 398
2052 22 8 817
2061 50 13 605
2066 25 1 369
2067 43 4 378
2072 22 2 513
2077 42 4 618
2082 13 8 184
2083 58 2 238
2084 23 4 178
2093 73 5 700
2098 24 1 332
2107 40 0 367
2112 15 4 397
2113 35 5 549
2118 9 13 389
2123 20 4 309
2128 183 40 295
2137 40 2 589
2142 24 3 449
2143 13 2 372
2152 22 5 276
2153 15 5 644
2158 47 7 507
2159 7 7 99
2168 22 3 0
2173 18 1 404
2174 22 1 271
2175 7 4 545
2184 30 8 606
2189 16 2 327
2198 9 1 239
2199 5 3 483
2204 12 0 592
2205 3 3 293
